TTR = [1 , 4 , 8 , 8]; %ppu = .2
NSUs = [10 , 20 , 30 , 40];

TTR2 = [2 , 8 , 11 , 11]; %ppu = .2
NSUs2 = [10 , 20 , 30 , 40];